143,1179,811,1160,813,1234,145,1252
269,1293,2008,1259,2010,1369,271,1404
2280,1260,2835,1260,2835,1386,2280,1386
580,1426,704,1424,1262,1423,1509,1419,2098,1396,2434,1409,2558,1411,2555,1483,2431,1482,2100,1468,1508,1491,1265,1496,704,1496,580,1498
439,1540,610,1544,1087,1561,1408,1555,1885,1559,2122,1545,2292,1538,2296,1635,2126,1642,1885,1656,1407,1652,1087,1658,610,1642,439,1637
1908,1669,2431,1669,2431,1776,1908,1776
1495,1704,1774,1677,1783,1767,1504,1794
756,1694,1297,1694,1297,1757,756,1757
614,1811,738,1811,1102,1808,1373,1811,1744,1817,2008,1802,2132,1797,2135,1866,2010,1871,1745,1886,1373,1880,1102,1877,735,1880,611,1879
630,1908,2564,1908,2564,2022,630,2022
541,2156,1643,2147,1644,2267,542,2276
363,2455,549,2458,980,2443,1224,2455,1572,2440,1954,2449,2139,2445,2138,2549,1953,2553,1569,2544,1227,2559,980,2547,545,2562,360,2559
