351,925,495,918,853,899,1190,907,1447,910,1737,894,2009,876,2020,1035,1748,1053,1453,1069,1190,1066,853,1058,457,1073,313,1079
1090,1368,1562,1331,1572,1457,1100,1493
1406,1540,2079,1517,2084,1669,1411,1692
1137,1690,1358,1690,1358,1826,1137,1826
1491,1687,2637,1746,2629,1916,1482,1858
2036,1904,2136,1908,2359,1925,2474,1911,2616,1898,2820,1861,2945,1838,2971,1973,2846,1996,2640,2033,2485,2047,2368,2061,2120,2044,2020,2040
1554,2331,2081,2340,2079,2494,1551,2485
1772,2523,1922,2547,2050,2568,2187,2576,2356,2581,2469,2591,2621,2599,2627,2765,2476,2758,2345,2747,2178,2743,2032,2733,1903,2712,1753,2688
0,2983,52,2983,52,3048,0,3048
3,3214,368,3244,355,3407,0,3377
1491,3286,1842,3318,1828,3471,1477,3439
1620,3494,1768,3495,1827,3499,2019,3518,2099,3526,2245,3554,2368,3567,2339,3675,2215,3662,2081,3636,2006,3630,1822,3611,1739,3603,1591,3602
0,3536,71,3536,71,3724,0,3724
1631,3613,1874,3761,1776,3922,1533,3773
0,3770,331,3770,331,3900,0,3900
