0,390,4156,431,4153,738,0,697
0,1118,169,1118,169,1183,0,1183
826,1210,898,1218,1047,1224,1215,1240,1284,1242,1411,1247,1545,1253,1545,1352,1411,1346,1280,1340,1208,1339,1040,1323,893,1316,821,1308
2831,1417,2957,1406,2960,1449,2834,1459
1132,1413,1407,1429,1403,1504,1127,1488
2691,1430,3081,1430,3081,1501,2691,1501
2007,1461,2333,1449,2334,1494,2008,1506
2457,1462,2632,1462,2632,1534,2457,1534
3136,1493,3710,1456,3713,1507,3140,1544
2557,1523,2853,1496,2857,1547,2562,1574
3168,1543,3709,1493,3714,1543,3173,1593
1261,1514,1529,1522,1527,1580,1259,1572
357,1573,403,1573,403,1599,357,1599
1956,1573,3055,1573,3055,1625,1956,1625
1277,1564,1760,1621,1751,1701,1267,1644
292,1586,338,1586,338,1625,292,1625
3176,1602,3201,1597,3234,1591,3258,1591,3291,1588,3339,1614,3364,1625,3342,1641,3317,1630,3291,1614,3261,1617,3234,1617,3206,1623,3181,1627
208,1599,266,1599,266,1657,208,1657
404,1564,473,1614,348,1786,279,1736
279,1651,344,1651,344,1703,279,1703
1496,1666,1543,1675,1614,1685,1682,1685,1735,1681,1818,1674,1876,1668,1886,1729,1828,1734,1743,1743,1680,1746,1619,1747,1534,1736,1488,1728
1976,1687,2944,1698,2944,1748,1975,1736
3211,1716,3692,1716,3692,1761,3211,1761
312,1794,406,1699,455,1748,360,1842
260,1742,292,1742,292,1781,260,1781
392,1799,481,1755,503,1799,414,1843
455,1826,529,1751,572,1794,497,1868
2080,1759,3023,1783,3022,1837,2079,1813
3198,1768,3425,1768,3425,1807,3198,1807
3464,1768,3666,1768,3666,1813,3464,1813
273,1807,318,1807,318,1846,273,1846
2054,1811,3700,1853,3698,1942,2052,1900
435,1846,487,1846,487,1885,435,1885
1294,1835,1498,1851,1493,1918,1289,1903
2067,1862,3120,1883,3119,1936,2065,1914
341,1916,430,1865,457,1911,368,1962
520,1911,669,1911,669,1989,520,1989
2093,1934,2157,1928,2408,1924,2552,1916,2805,1929,2926,1946,2990,1956,2989,1993,2925,1984,2802,1966,2551,1954,2409,1961,2155,1965,2091,1972
1362,1932,1443,1942,1498,1945,1555,1956,1615,1960,1673,1968,1740,1972,1739,2045,1672,2040,1603,2032,1548,2028,1492,2018,1431,2013,1350,2003
3199,1935,3250,1936,3346,1945,3428,1939,3517,1939,3615,1939,3685,1939,3683,1981,3614,1981,3520,1981,3429,1981,3344,1987,3247,1978,3196,1977
2101,2005,2181,1998,2396,1972,2649,1980,2754,1993,2978,2010,3058,2026,3056,2070,2977,2055,2749,2037,2647,2024,2396,2016,2184,2042,2104,2050
3207,1976,3248,1979,3335,1986,3415,1992,3524,1995,3582,1999,3646,2001,3646,2036,3583,2035,3525,2030,3415,2028,3329,2021,3249,2015,3208,2012
3198,2025,3401,2037,3398,2083,3195,2070
2055,2037,2252,2060,2245,2112,2049,2088
507,2047,715,2047,715,2099,507,2099
3159,2077,3820,2118,3812,2237,3152,2196
520,2164,786,2164,786,2236,520,2236
1971,2162,3156,2255,3149,2338,1965,2245
3147,2200,3216,2212,3332,2212,3422,2229,3539,2217,3629,2216,3708,2205,3707,2249,3627,2260,3537,2261,3421,2273,3331,2256,3216,2256,3146,2244
1983,2228,2901,2278,2898,2336,1980,2286
3165,2275,3256,2275,3256,2320,3165,2320
507,2294,663,2294,663,2385,507,2385
2082,2329,2162,2325,2274,2326,2404,2328,2534,2342,2708,2354,2788,2363,2784,2409,2704,2400,2529,2389,2401,2374,2271,2373,2162,2372,2082,2376
1299,2328,1340,2335,1392,2343,1457,2357,1495,2363,1555,2376,1606,2383,1589,2424,1539,2417,1486,2406,1447,2400,1388,2387,1325,2376,1284,2369
3165,2312,3244,2326,3365,2353,3486,2352,3610,2346,3754,2356,3834,2354,3829,2397,3749,2400,3610,2390,3487,2397,3362,2397,3240,2370,3161,2356
3133,2366,3739,2405,3735,2456,3130,2418
2112,2383,2568,2396,2567,2451,2111,2439
40,2431,135,2429,231,2426,394,2423,511,2420,619,2402,714,2385,713,2440,617,2457,519,2475,392,2478,232,2482,134,2484,39,2486
3139,2431,3679,2431,3679,2496,3139,2496
0,2502,32,2502,32,2548,0,2548
39,2501,735,2509,734,2582,38,2573
97,2567,161,2565,246,2568,369,2570,517,2585,651,2582,715,2583,715,2618,651,2617,514,2620,367,2604,245,2603,163,2600,99,2602
