118,269,213,271,342,281,491,277,658,284,795,284,890,286,888,342,793,340,658,341,490,334,341,337,213,327,117,325
1813,310,2418,322,2417,363,1812,351
2509,331,2743,331,2743,364,2509,364
1196,338,1430,338,1430,403,1196,403
117,350,955,362,955,408,116,396
695,448,1150,448,1150,513,695,513
1807,462,2029,474,2027,512,1805,500
247,539,343,544,699,550,959,561,1185,556,1451,570,1546,572,1546,627,1450,625,1184,611,957,616,699,605,342,599,246,594
110,606,1677,631,1676,690,109,664
110,669,325,669,325,721,110,721
1822,646,2483,737,2467,850,1807,759
94,757,155,768,193,772,244,777,295,773,353,774,403,770,401,824,351,828,294,827,242,831,192,826,153,822,92,811
156,897,252,896,595,899,887,901,1133,903,1398,911,1494,912,1494,969,1398,967,1132,959,886,958,595,956,252,953,156,953
97,953,871,966,870,1020,96,1007
97,1071,1586,1094,1585,1147,96,1125
91,1129,1729,1150,1728,1208,90,1186
91,1190,1722,1209,1722,1266,90,1247
91,1248,435,1248,435,1300,91,1300
131,1361,227,1363,550,1366,926,1374,1152,1379,1444,1376,1540,1377,1539,1430,1443,1429,1152,1432,925,1427,550,1420,226,1416,130,1414
84,1422,1716,1446,1715,1506,83,1483
92,1484,187,1483,323,1482,497,1485,594,1490,794,1487,889,1489,889,1540,793,1538,593,1541,497,1536,322,1534,187,1534,91,1535
201,1603,297,1602,544,1596,835,1603,1140,1614,1483,1612,1579,1613,1578,1669,1482,1668,1139,1669,835,1659,543,1651,297,1658,201,1659
137,1658,233,1660,544,1663,952,1673,1120,1671,1425,1677,1520,1677,1520,1729,1424,1729,1119,1723,951,1725,543,1715,233,1712,137,1710
71,1722,676,1722,676,1774,71,1774
153,1842,233,1843,472,1842,770,1849,1106,1849,1289,1848,1368,1846,1367,1893,1287,1895,1107,1896,769,1896,472,1889,232,1890,153,1889
65,1904,299,1904,299,1956,65,1956
95,2014,207,2014,557,2012,783,2015,1120,2025,1470,2026,1582,2029,1581,2090,1469,2088,1119,2087,783,2076,556,2074,206,2075,95,2076
58,2082,1696,2094,1696,2150,58,2139
170,2150,265,2149,492,2144,816,2148,1120,2150,1340,2151,1436,2151,1435,2204,1339,2203,1119,2202,815,2201,491,2196,265,2201,169,2202
52,2203,474,2203,474,2255,52,2255
105,2316,201,2317,517,2325,809,2326,1152,2331,1424,2331,1520,2332,1520,2385,1424,2385,1152,2385,809,2380,517,2379,200,2371,104,2370
45,2385,1677,2392,1676,2450,45,2443
202,2446,298,2447,498,2449,809,2451,1114,2453,1417,2452,1513,2452,1514,2504,1418,2505,1113,2505,809,2503,498,2501,297,2499,202,2499
176,2506,271,2507,485,2506,796,2514,1158,2517,1373,2516,1468,2515,1468,2568,1372,2568,1159,2570,796,2567,485,2558,272,2560,176,2559
221,2570,317,2571,486,2575,829,2574,1126,2573,1508,2577,1604,2578,1604,2629,1508,2629,1126,2624,828,2625,485,2626,317,2623,221,2621
163,2623,259,2626,434,2634,802,2633,1054,2632,1340,2640,1436,2642,1434,2698,1339,2696,1055,2688,802,2689,433,2690,258,2682,163,2679
38,2690,122,2691,310,2697,516,2694,698,2697,872,2697,968,2699,967,2750,871,2749,697,2749,517,2746,310,2749,122,2743,38,2741
92,2815,187,2815,576,2825,828,2822,1184,2822,1392,2821,1488,2820,1487,2873,1391,2875,1185,2876,828,2875,576,2879,187,2868,91,2868
37,2880,148,2882,401,2882,575,2884,847,2884,1067,2884,1178,2884,1177,2944,1066,2944,846,2944,575,2944,400,2941,148,2941,37,2940
91,3005,187,3006,466,3002,867,3015,1087,3010,1360,3009,1456,3006,1455,3062,1359,3065,1087,3066,867,3070,465,3057,187,3061,92,3060
156,3070,252,3071,446,3074,737,3074,1022,3074,1359,3077,1455,3078,1454,3129,1359,3129,1022,3126,737,3126,446,3126,252,3123,156,3121
62,3134,174,3132,388,3132,594,3129,834,3132,1041,3132,1152,3133,1152,3193,1040,3191,834,3191,595,3189,387,3191,175,3191,63,3193
0,3252,1586,3265,1585,3330,0,3317
1812,3264,2261,3256,2262,3308,1813,3316
2470,3269,2593,3269,2593,3315,2470,3315
3035,3282,3113,3282,3113,3328,3035,3328
2424,3321,2639,3321,2639,3367,2424,3367
72,3322,168,3325,475,3326,812,3334,1085,3327,1456,3322,1552,3318,1552,3372,1455,3376,1085,3381,812,3389,473,3381,169,3379,72,3376
3042,3341,3113,3341,3113,3386,3042,3386
2411,3386,2652,3386,2652,3432,2411,3432
59,3393,155,3393,485,3393,796,3393,1100,3393,1418,3393,1513,3393,1513,3445,1418,3445,1101,3445,796,3445,485,3445,155,3445,59,3445
2476,3445,2574,3445,2574,3484,2476,3484
75,3460,155,3460,511,3465,757,3463,1068,3461,1392,3459,1471,3458,1471,3503,1392,3505,1068,3506,757,3508,511,3511,155,3506,75,3506
37,3519,148,3518,511,3516,744,3516,1119,3518,1430,3516,1542,3515,1542,3575,1430,3575,1120,3578,744,3575,511,3575,149,3578,37,3579
7,3589,103,3588,368,3591,497,3588,697,3588,852,3588,947,3588,948,3639,852,3639,697,3639,497,3639,367,3642,103,3639,8,3640
0,3704,1078,3704,1078,3769,0,3769
0,3841,1579,3841,1579,3906,0,3906
