121,11,131,11,131,27,121,27
-3,12,2,13,12,13,16,15,24,16,31,16,37,16,36,27,31,27,24,27,16,26,8,24,4,24,0,23
46,13,53,14,68,15,75,16,89,18,96,15,107,10,108,23,97,27,90,31,74,29,67,28,52,27,46,26
19,49,42,50,101,52,174,54,210,52,279,57,303,57,303,71,280,71,209,65,175,68,101,65,43,64,19,63
34,74,86,77,85,89,33,85
100,78,143,79,142,90,99,89
88,85,93,85,93,90,88,90
31,108,257,112,256,128,30,124
43,131,319,135,318,154,42,150
65,159,244,158,245,177,66,178
43,212,56,209,67,206,82,206,101,207,116,206,126,205,126,217,115,218,100,219,82,218,68,217,53,220,40,223
132,207,219,203,220,221,132,224
33,234,45,237,28,302,15,299
