5,19,68,19,68,47,5,47
115,14,375,37,371,85,111,63
493,33,580,36,579,59,492,56
671,38,685,36,704,36,729,31,757,32,778,32,793,33,794,53,779,52,756,52,731,51,708,56,683,56,669,58
106,69,135,63,164,61,193,57,229,56,271,63,296,66,296,88,271,86,224,78,193,80,166,84,136,85,107,92
748,61,793,61,793,81,748,81
674,60,713,68,708,92,669,84
489,84,627,85,627,114,489,112
217,85,257,85,257,111,217,111
105,86,178,92,176,115,103,109
462,91,479,91,479,111,462,111
748,91,798,91,798,112,748,112
430,94,447,94,447,116,430,116
681,88,718,108,707,129,670,109
377,136,386,138,392,140,403,143,413,149,416,152,427,159,427,177,416,170,404,165,395,159,387,157,379,155,370,153
113,142,124,143,148,145,163,146,177,148,195,146,211,145,214,166,198,167,177,169,163,167,145,167,122,164,111,163
219,142,355,142,355,175,219,175
663,146,712,146,712,194,663,194
255,176,275,173,291,178,311,169,333,171,355,181,371,188,363,209,347,201,329,193,314,191,292,201,269,194,249,197
826,174,866,174,866,196,826,196
116,176,125,177,139,181,158,181,183,184,198,178,208,176,211,193,202,196,182,201,157,198,139,199,121,195,112,193
520,174,534,177,546,178,561,183,579,187,592,190,606,193,606,212,592,209,575,205,556,202,542,197,532,196,518,193
303,195,312,197,323,199,330,202,343,205,354,210,363,213,357,230,349,227,336,222,325,218,320,216,303,212,294,210
716,202,734,198,743,237,725,241
394,194,403,198,408,201,417,203,428,207,431,208,440,212,437,232,428,228,421,225,411,222,404,220,399,218,390,214
126,216,144,212,173,209,201,204,242,202,271,208,293,212,288,231,266,227,242,221,204,224,174,229,144,231,126,235
803,202,814,204,831,209,849,208,862,208,885,207,901,204,897,226,881,228,865,230,850,230,829,230,810,225,799,224
640,205,710,214,707,237,637,228
615,250,622,255,629,259,635,263,646,268,644,284,652,287,662,275,655,272,638,282,629,278,620,272,618,271,611,265
115,255,129,257,155,261,170,262,186,264,201,267,224,270,230,289,208,286,185,285,165,282,152,281,128,277,114,275
233,258,281,258,281,285,233,285
521,266,533,260,535,260,551,255,570,261,579,263,591,269,583,291,571,285,563,283,550,279,544,281,529,283,517,289
655,271,664,264,677,258,690,256,699,260,705,264,718,275,718,292,706,281,693,277,686,273,682,275,673,279,664,286
410,261,509,261,509,288,410,288
237,286,279,286,279,313,237,313
621,280,641,285,663,292,678,293,700,290,719,294,735,295,731,316,715,315,698,312,681,314,657,313,637,307,617,301
411,282,607,294,604,344,408,332
117,285,139,290,160,293,181,296,195,298,210,300,232,305,239,324,217,320,192,318,179,316,158,313,138,310,116,305
115,311,142,319,170,322,198,327,219,318,261,315,288,305,282,329,256,339,230,340,197,351,166,346,138,343,111,335
612,312,626,318,651,320,670,327,703,316,724,318,750,313,747,333,721,338,705,336,675,346,646,340,624,338,610,332
414,316,509,327,506,353,411,342
36,362,85,374,182,400,310,399,420,399,486,384,518,376,516,404,484,412,420,427,314,427,178,428,80,401,32,390
489,376,498,375,514,374,526,373,541,376,550,376,559,378,558,395,549,393,539,393,524,390,514,391,502,392,493,393
377,372,442,379,439,403,375,396
621,383,782,388,781,419,620,414
118,454,143,454,143,485,118,485
137,457,179,458,220,458,279,457,334,460,384,459,425,461,425,484,383,482,333,483,278,481,222,482,182,481,140,481
451,456,471,458,490,461,509,460,544,456,570,463,585,465,582,487,566,485,545,478,509,482,489,483,469,480,449,478
630,462,794,464,794,489,629,488
119,486,137,487,180,491,219,488,244,487,289,490,318,491,316,516,287,515,245,513,220,513,181,516,135,512,116,512
322,494,336,493,355,492,375,492,401,486,426,490,440,489,434,507,420,508,406,505,377,511,355,511,335,513,321,513
627,485,647,488,686,489,705,491,737,491,775,489,795,488,797,515,777,517,737,518,705,519,684,517,645,515,625,512
450,491,468,493,490,494,510,495,546,490,560,494,586,497,582,517,556,514,546,510,511,515,489,515,464,513,446,511
118,522,144,522,175,522,212,523,237,521,273,521,299,519,297,539,270,541,239,541,213,543,177,542,141,541,114,542
317,520,358,520,476,521,535,521,639,521,734,522,775,523,775,547,734,546,638,545,537,545,476,545,358,544,316,544
